geoTwitter20-01-01	3930907	40	40
geoTwitter20-01-02	3714281	72	72
geoTwitter20-01-03	3930740	66	66
geoTwitter20-01-04	3820965	56	56
geoTwitter20-01-05	3905426	44	44
geoTwitter20-01-06	3811095	47	47
geoTwitter20-01-07	3783499	40	40
geoTwitter20-01-08	3790276	61	61
geoTwitter20-01-09	3794657	52	52
geoTwitter20-01-10	3841113	61	61
geoTwitter20-01-11	3848054	74	74
geoTwitter20-01-12	3870455	65	65
geoTwitter20-01-13	3841160	63	63
geoTwitter20-01-14	3849683	101	101
geoTwitter20-01-15	3827841	92	92
geoTwitter20-01-16	3802754	73	73
geoTwitter20-01-17	3831418	105	105
geoTwitter20-01-18	3761365	71	71
geoTwitter20-01-19	3809433	42	42
geoTwitter20-01-20	3735960	180	180
geoTwitter20-01-21	3791321	359	359
geoTwitter20-01-22	3768593	699	699
geoTwitter20-01-23	3767061	767	767
geoTwitter20-01-24	3761864	702	702
geoTwitter20-01-25	3705233	966	966
geoTwitter20-01-26	3747985	1024	1024
geoTwitter20-01-27	3657358	1016	1016
geoTwitter20-01-28	3752428	1759	1759
geoTwitter20-01-29	3802452	1408	1408
geoTwitter20-01-30	3789901	2333	2333
geoTwitter20-01-31	3816195	2087	2087
geoTwitter20-02-01	3775958	932	932
geoTwitter20-02-02	3758157	989	989
geoTwitter20-02-03	3734041	962	962
geoTwitter20-02-04	3746134	816	816
geoTwitter20-02-05	3845305	854	854
geoTwitter20-02-06	3779148	903	903
geoTwitter20-02-07	3600243	793	793
geoTwitter20-02-08	3746711	700	700
geoTwitter20-02-09	3796184	772	772
geoTwitter20-02-10	3743785	666	666
geoTwitter20-02-11	3801770	870	870
geoTwitter20-02-12	3765549	649	649
geoTwitter20-02-13	3800976	678	678
geoTwitter20-02-14	3835579	565	565
geoTwitter20-02-15	3643183	512	512
geoTwitter20-02-16	3719547	488	488
geoTwitter20-02-17	3714087	559	559
geoTwitter20-02-18	3721550	585	585
geoTwitter20-02-19	3754518	463	463
geoTwitter20-02-20	3779933	362	362
geoTwitter20-02-21	3775861	902	902
geoTwitter20-02-22	3696928	1120	1120
geoTwitter20-02-23	3754647	1307	1307
geoTwitter20-02-24	3717302	2062	2062
geoTwitter20-02-25	3790965	2319	2319
geoTwitter20-02-26	3820047	2506	2506
geoTwitter20-02-27	3771550	3306	3306
geoTwitter20-02-28	3846720	3681	3681
geoTwitter20-02-29	3816019	3296	3296
geoTwitter20-03-01	3847141	2095	2095
geoTwitter20-03-02	3729594	2904	2904
geoTwitter20-03-03	3636989	3762	3762
geoTwitter20-03-04	3833648	3287	3287
geoTwitter20-03-05	3816813	4222	4222
geoTwitter20-03-06	3788298	4570	4570
geoTwitter20-03-07	3748754	4200	4200
geoTwitter20-03-08	3845364	4008	4008
geoTwitter20-03-09	3724005	6353	6353
geoTwitter20-03-10	3782318	7344	7344
geoTwitter20-03-11	3825177	9700	9700
geoTwitter20-03-12	3918018	12161	12161
geoTwitter20-03-13	3949982	13973	13973
geoTwitter20-03-14	3898525	14474	14474
geoTwitter20-03-15	3916647	12859	12859
geoTwitter20-03-16	3949285	13880	13880
geoTwitter20-03-17	3981193	14204	14204
geoTwitter20-03-18	4006467	13922	13922
geoTwitter20-03-19	4022657	13684	13684
geoTwitter20-03-20	4108905	11748	11748
geoTwitter20-03-21	4111453	9371	9371
geoTwitter20-03-22	3742065	9612	9612
geoTwitter20-03-23	4055103	10157	10157
geoTwitter20-03-24	4114420	9042	9042
geoTwitter20-03-25	4138234	9413	9413
geoTwitter20-03-26	4125056	8692	8692
geoTwitter20-03-27	4148790	8898	8898
geoTwitter20-03-28	4104403	7121	7121
geoTwitter20-03-29	4133941	6413	6413
geoTwitter20-03-30	4121280	6577	6577
geoTwitter20-03-31	4091757	6386	6386
geoTwitter20-04-01	4102603	7103	7103
geoTwitter20-04-02	4100886	6260	6260
geoTwitter20-04-03	4118462	6044	6044
geoTwitter20-04-04	4083096	5439	5439
geoTwitter20-04-05	4114714	5943	5943
geoTwitter20-04-06	4032632	4285	4285
geoTwitter20-04-07	4020310	5193	5193
geoTwitter20-04-08	4033139	4980	4980
geoTwitter20-04-09	4008310	4711	4711
geoTwitter20-04-10	4013981	4850	4850
geoTwitter20-04-11	3991345	4617	4617
geoTwitter20-04-12	4058265	4084	4084
geoTwitter20-04-13	3993605	4131	4131
geoTwitter20-04-14	3993363	4562	4562
geoTwitter20-04-15	3949269	4079	4079
geoTwitter20-04-16	2945374	2901	2901
geoTwitter20-04-17	3880020	3833	3833
geoTwitter20-04-18	3983447	3305	3305
geoTwitter20-04-19	4025300	3466	3466
geoTwitter20-04-20	3921605	3566	3566
geoTwitter20-04-21	3902792	3759	3759
geoTwitter20-04-22	3934619	3318	3318
geoTwitter20-04-23	3977611	3327	3327
geoTwitter20-04-24	3963289	3407	3407
geoTwitter20-04-25	3892935	2736	2736
geoTwitter20-04-26	3892121	2984	2984
geoTwitter20-04-27	3816050	3170	3170
geoTwitter20-04-28	3832952	3371	3371
geoTwitter20-04-29	3662600	3075	3075
geoTwitter20-04-30	3836902	2955	2955
geoTwitter20-05-01	3927567	2784	2784
geoTwitter20-05-02	3817007	2978	2978
geoTwitter20-05-03	3821881	2721	2721
geoTwitter20-05-04	3806177	2987	2987
geoTwitter20-05-05	3813276	2703	2703
geoTwitter20-05-06	3790828	2663	2663
geoTwitter20-05-07	3789160	2741	2741
geoTwitter20-05-08	3813223	2364	2364
geoTwitter20-05-09	3749491	2385	2385
geoTwitter20-05-10	3817404	2498	2498
geoTwitter20-05-11	3683038	2464	2464
geoTwitter20-05-12	3741901	2581	2581
geoTwitter20-05-13	3741656	2392	2392
geoTwitter20-05-14	3747430	2130	2130
geoTwitter20-05-15	3812749	2551	2551
geoTwitter20-05-16	3736389	2324	2324
geoTwitter20-05-17	3751004	1897	1897
geoTwitter20-05-18	3739293	2142	2142
geoTwitter20-05-19	3724512	1909	1909
geoTwitter20-05-20	3718404	2073	2073
geoTwitter20-05-21	3546471	2107	2107
geoTwitter20-05-22	3798414	1967	1967
geoTwitter20-05-23	3748144	1690	1690
geoTwitter20-05-24	3799011	1780	1780
geoTwitter20-05-25	3701236	2019	2019
geoTwitter20-05-26	3698055	1862	1862
geoTwitter20-05-27	3702654	1743	1743
geoTwitter20-05-28	3669481	1733	1733
geoTwitter20-05-29	3784010	1742	1742
geoTwitter20-05-30	3737027	1493	1493
geoTwitter20-05-31	3748145	1450	1450
geoTwitter20-06-01	3698380	1534	1534
geoTwitter20-06-02	3684238	1308	1308
geoTwitter20-06-03	3687799	1316	1316
geoTwitter20-06-04	3272523	1249	1249
geoTwitter20-06-05	3652175	1226	1226
geoTwitter20-06-06	3205786	1070	1070
geoTwitter20-06-07	3558755	1228	1228
geoTwitter20-06-08	3479951	1415	1415
geoTwitter20-06-09	3581706	1342	1342
geoTwitter20-06-10	3588991	1136	1136
geoTwitter20-06-11	3610292	1194	1194
geoTwitter20-06-12	3629931	1042	1042
geoTwitter20-06-13	3486800	1193	1193
geoTwitter20-06-14	3569763	1109	1109
geoTwitter20-06-15	3459559	1111	1111
geoTwitter20-06-16	3571043	1190	1190
geoTwitter20-06-17	3582898	1057	1057
geoTwitter20-06-18	3616076	1043	1043
geoTwitter20-06-19	3657394	1127	1127
geoTwitter20-06-20	3540221	1107	1107
geoTwitter20-06-21	3639233	947	947
geoTwitter20-06-22	3452898	1043	1043
geoTwitter20-06-23	3572640	1215	1215
geoTwitter20-06-24	3411882	1031	1031
geoTwitter20-06-25	3372978	1037	1037
geoTwitter20-06-26	3454144	1024	1024
geoTwitter20-06-27	3514013	1126	1126
geoTwitter20-06-28	3507300	1100	1100
geoTwitter20-06-29	3450672	1136	1136
geoTwitter20-06-30	3523552	1098	1098
geoTwitter20-07-01	3589607	1364	1364
geoTwitter20-07-02	3402422	1149	1149
geoTwitter20-07-03	3497411	1285	1285
geoTwitter20-07-04	3462275	1052	1052
geoTwitter20-07-05	3449921	1034	1034
geoTwitter20-07-06	3388042	1183	1183
geoTwitter20-07-07	3498547	1154	1154
geoTwitter20-07-08	3502130	973	973
geoTwitter20-07-09	3531585	1238	1238
geoTwitter20-07-10	3563696	1120	1120
geoTwitter20-07-11	3444421	1121	1121
geoTwitter20-07-12	3486301	1207	1207
geoTwitter20-07-13	3401945	928	928
geoTwitter20-07-14	3491956	1101	1101
geoTwitter20-07-15	3525269	1278	1278
geoTwitter20-07-16	3511478	1114	1114
geoTwitter20-07-17	3479018	1198	1198
geoTwitter20-07-18	3392226	1092	1092
geoTwitter20-07-19	3429322	1056	1056
geoTwitter20-07-20	3360315	984	984
geoTwitter20-07-21	3430776	1079	1079
geoTwitter20-07-22	3489224	967	967
geoTwitter20-07-23	3577095	899	899
geoTwitter20-07-24	3548543	1071	1071
geoTwitter20-07-25	3416970	945	945
geoTwitter20-07-26	3418399	889	889
geoTwitter20-07-27	3293394	909	909
geoTwitter20-07-28	3410881	901	901
geoTwitter20-07-29	3454416	918	918
geoTwitter20-07-30	3478736	1004	1004
geoTwitter20-07-31	3483054	941	941
geoTwitter20-08-01	3427526	980	980
geoTwitter20-08-02	3350438	1018	1018
geoTwitter20-08-03	3300203	831	831
geoTwitter20-08-04	3424767	908	908
geoTwitter20-08-05	3456041	686	686
geoTwitter20-08-06	3418527	844	844
geoTwitter20-08-07	3541088	819	819
geoTwitter20-08-08	3410690	807	807
geoTwitter20-08-09	3415550	774	774
geoTwitter20-08-10	3357460	759	759
geoTwitter20-08-11	3483110	914	914
geoTwitter20-08-12	3600218	739	739
geoTwitter20-08-13	3532864	723	723
geoTwitter20-08-14	3610441	710	710
geoTwitter20-08-15	3515241	636	636
geoTwitter20-08-16	3455401	623	623
geoTwitter20-08-17	3358896	771	771
geoTwitter20-08-18	3491517	613	613
geoTwitter20-08-19	3533693	640	640
geoTwitter20-08-20	3525356	656	656
geoTwitter20-08-21	3591376	666	666
geoTwitter20-08-22	3422760	567	567
geoTwitter20-08-23	3486059	576	576
geoTwitter20-08-24	3312355	587	587
geoTwitter20-08-25	3460795	553	553
geoTwitter20-08-26	3475020	648	648
geoTwitter20-08-27	3415573	576	576
geoTwitter20-08-28	3470894	562	562
geoTwitter20-08-29	3408393	565	565
geoTwitter20-08-30	3359609	549	549
geoTwitter20-08-31	3333158	399	399
geoTwitter20-09-01	3478181	564	564
geoTwitter20-09-02	3376885	536	536
geoTwitter20-09-03	3409242	602	602
geoTwitter20-09-04	3385952	579	579
geoTwitter20-09-05	3359458	561	561
geoTwitter20-09-06	3315602	591	591
geoTwitter20-09-07	3236277	520	520
geoTwitter20-09-08	3361978	754	754
geoTwitter20-09-09	3513918	691	691
geoTwitter20-09-10	3473943	675	675
geoTwitter20-09-11	3527452	467	467
geoTwitter20-09-12	3372115	471	471
geoTwitter20-09-13	3449333	478	478
geoTwitter20-09-14	3333779	551	551
geoTwitter20-09-15	3419401	519	519
geoTwitter20-09-16	3502598	530	530
geoTwitter20-09-17	3495712	510	510
geoTwitter20-09-18	3454146	496	496
geoTwitter20-09-19	3396884	416	416
geoTwitter20-09-20	3398002	386	386
geoTwitter20-09-21	3371888	429	429
geoTwitter20-09-22	3432549	517	517
geoTwitter20-09-23	3402970	450	450
geoTwitter20-09-24	3344125	523	523
geoTwitter20-09-25	3191402	412	412
geoTwitter20-09-26	3319079	398	398
geoTwitter20-09-27	3452143	323	323
geoTwitter20-09-28	3267024	397	397
geoTwitter20-09-29	3324678	409	409
geoTwitter20-09-30	3508202	398	398
geoTwitter20-10-01	3440676	383	383
geoTwitter20-10-02	3515567	1103	1103
geoTwitter20-10-03	3344445	570	570
geoTwitter20-10-04	3396081	545	545
geoTwitter20-10-05	3277541	535	535
geoTwitter20-10-06	3318196	701	701
geoTwitter20-10-07	3339308	486	486
geoTwitter20-10-08	3412928	536	536
geoTwitter20-10-09	3322278	503	503
geoTwitter20-10-10	3348967	483	483
geoTwitter20-10-11	3284021	477	477
geoTwitter20-10-12	3214672	427	427
geoTwitter20-10-13	3284918	474	474
geoTwitter20-10-14	3361464	490	490
geoTwitter20-10-15	2978525	486	486
geoTwitter20-10-16	3059549	443	443
geoTwitter20-10-17	3275124	387	387
geoTwitter20-10-18	3277405	412	412
geoTwitter20-10-19	3158962	445	445
geoTwitter20-10-20	3292967	387	387
geoTwitter20-10-21	3365197	439	439
geoTwitter20-10-22	3325686	434	434
geoTwitter20-10-23	3424746	554	554
geoTwitter20-10-24	3308037	406	406
geoTwitter20-10-25	3394096	470	470
geoTwitter20-10-26	3233508	469	469
geoTwitter20-10-27	3275929	442	442
geoTwitter20-10-28	3405575	555	555
geoTwitter20-10-29	3302225	469	469
geoTwitter20-10-30	3344966	433	433
geoTwitter20-10-31	3323108	571	571
geoTwitter20-11-01	3317421	473	473
geoTwitter20-11-02	3146177	470	470
geoTwitter20-11-03	3464519	428	428
geoTwitter20-11-04	3683112	307	307
geoTwitter20-11-05	3449334	419	419
geoTwitter20-11-06	3550140	370	370
geoTwitter20-11-07	3472073	398	398
geoTwitter20-11-08	3543548	332	332
geoTwitter20-11-09	3281659	494	494
geoTwitter20-11-10	3346244	437	437
geoTwitter20-11-11	3396842	381	381
geoTwitter20-11-12	3361022	466	466
geoTwitter20-11-13	3409106	512	512
geoTwitter20-11-14	3277434	428	428
geoTwitter20-11-15	3344429	428	428
geoTwitter20-11-16	3209625	537	537
geoTwitter20-11-17	3309102	812	812
geoTwitter20-11-18	3333785	666	666
geoTwitter20-11-19	3375694	526	526
geoTwitter20-11-20	3247857	575	575
geoTwitter20-11-21	3187162	541	541
geoTwitter20-11-22	3221741	550	550
geoTwitter20-11-23	3191605	553	553
geoTwitter20-11-24	3171885	485	485
geoTwitter20-11-25	3288204	565	565
geoTwitter20-11-26	3206600	519	519
geoTwitter20-11-27	3147444	493	493
geoTwitter20-11-28	3101553	355	355
geoTwitter20-11-29	3268579	400	400
geoTwitter20-11-30	3068060	477	477
geoTwitter20-12-01	3212396	544	544
geoTwitter20-12-02	3294390	514	514
geoTwitter20-12-03	3159989	456	456
geoTwitter20-12-04	3159133	460	460
geoTwitter20-12-05	3133910	471	471
geoTwitter20-12-06	3170133	466	466
geoTwitter20-12-07	3048058	424	424
geoTwitter20-12-08	3191858	582	582
geoTwitter20-12-09	3141938	494	494
geoTwitter20-12-10	3136356	443	443
geoTwitter20-12-11	3161148	542	542
geoTwitter20-12-12	3159528	483	483
geoTwitter20-12-13	3173385	471	471
geoTwitter20-12-14	3094499	613	613
geoTwitter20-12-15	3122193	438	438
geoTwitter20-12-16	3184434	512	512
geoTwitter20-12-17	3057286	505	505
geoTwitter20-12-18	3030476	555	555
geoTwitter20-12-19	3036574	557	557
geoTwitter20-12-20	3106279	611	611
geoTwitter20-12-21	2936921	719	719
geoTwitter20-12-22	3063888	549	549
geoTwitter20-12-23	2991874	469	469
geoTwitter20-12-24	3064325	443	443
geoTwitter20-12-25	2952505	391	391
geoTwitter20-12-26	2768959	366	366
geoTwitter20-12-27	2990697	449	449
geoTwitter20-12-28	2985201	448	448
geoTwitter20-12-29	3064069	528	528
geoTwitter20-12-30	3161968	623	623
geoTwitter20-12-31	3428583	494	494
